_viz_0 = nengo_gui.components.Value(model.networks[0].nodes[6])
_viz_config[_viz_0].max_value = 1
_viz_config[_viz_0].min_value = -1
_viz_config[_viz_0].show_legend = False
_viz_config[_viz_0].legend_labels = ['label_0']
_viz_config[_viz_0].synapse = 0.01
_viz_config[_viz_0].x = 0.47347328244274844
_viz_config[_viz_0].y = 0.5817833142252402
_viz_config[_viz_0].width = 0.05452562704471101
_viz_config[_viz_0].height = 0.08525149190110827
_viz_config[_viz_0].label_visible = True
_viz_net_graph = nengo_gui.components.NetGraph()
_viz_progress = nengo_gui.components.Progress()
_viz_config[_viz_progress].x = 0
_viz_config[_viz_progress].y = 0
_viz_config[_viz_progress].width = 100
_viz_config[_viz_progress].height = 100
_viz_config[_viz_progress].label_visible = True
_viz_sim_control = nengo_gui.components.SimControl()
_viz_config[_viz_sim_control].shown_time = 0.5
_viz_config[_viz_sim_control].kept_time = 4.0
_viz_config[llp].expanded=False
_viz_config[llp].has_layout=False
_viz_config[model].pos=(0, 0)
_viz_config[model].size=(1.0, 1.0)
_viz_config[model].expanded=True
_viz_config[model].has_layout=True
_viz_config[model.networks[0]].pos=(0.5, 0.5)
_viz_config[model.networks[0]].size=(0.4, 0.4)
_viz_config[model.networks[0]].expanded=True
_viz_config[model.networks[0]].has_layout=True
_viz_config[model.networks[0].ensembles[0]].pos=(0.35365853658536583, 0.05747126436781609)
_viz_config[model.networks[0].ensembles[0]].size=(0.04065040650406503, 0.028735632183908046)
_viz_config[model.networks[0].nodes[0]].pos=(0.05284552845528455, 0.14080459770114942)
_viz_config[model.networks[0].nodes[0]].size=(0.03252032520325203, 0.022988505747126436)
_viz_config[model.networks[0].nodes[10]].pos=(0.9471544715447154, 0.9482758620689655)
_viz_config[model.networks[0].nodes[10]].size=(0.03252032520325203, 0.022988505747126436)
_viz_config[model.networks[0].nodes[1]].pos=(0.19918699186991867, 0.05747126436781609)
_viz_config[model.networks[0].nodes[1]].size=(0.03252032520325203, 0.022988505747126436)
_viz_config[model.networks[0].nodes[2]].pos=(0.5081300813008129, 0.05747126436781609)
_viz_config[model.networks[0].nodes[2]].size=(0.03252032520325203, 0.022988505747126436)
_viz_config[model.networks[0].nodes[3]].pos=(0.6544715447154471, 0.14080459770114942)
_viz_config[model.networks[0].nodes[3]].size=(0.03252032520325203, 0.022988505747126436)
_viz_config[model.networks[0].nodes[4]].pos=(0.8008130081300813, 0.706896551724138)
_viz_config[model.networks[0].nodes[4]].size=(0.03252032520325203, 0.022988505747126436)
_viz_config[model.networks[0].nodes[5]].pos=(0.9471544715447154, 0.14080459770114942)
_viz_config[model.networks[0].nodes[5]].size=(0.03252032520325203, 0.022988505747126436)
_viz_config[model.networks[0].nodes[6]].pos=(0.9471544715447154, 0.3017241379310345)
_viz_config[model.networks[0].nodes[6]].size=(0.03252032520325203, 0.022988505747126436)
_viz_config[model.networks[0].nodes[7]].pos=(0.9471544715447154, 0.46551724137931033)
_viz_config[model.networks[0].nodes[7]].size=(0.03252032520325203, 0.022988505747126436)
_viz_config[model.networks[0].nodes[8]].pos=(0.9471544715447154, 0.6264367816091954)
_viz_config[model.networks[0].nodes[8]].size=(0.03252032520325203, 0.022988505747126436)
_viz_config[model.networks[0].nodes[9]].pos=(0.9471544715447154, 0.7873563218390804)
_viz_config[model.networks[0].nodes[9]].size=(0.03252032520325203, 0.022988505747126436)