_viz_net_graph = nengo_gui.components.NetGraph()
_viz_progress = nengo_gui.components.Progress()
_viz_config[_viz_progress].x = 0
_viz_config[_viz_progress].y = 0
_viz_config[_viz_progress].width = 100
_viz_config[_viz_progress].height = 100
_viz_config[_viz_progress].label_visible = True
_viz_sim_control = nengo_gui.components.SimControl()
_viz_config[_viz_sim_control].shown_time = 0.5
_viz_config[_viz_sim_control].kept_time = 4.0
_viz_config[llp].expanded=False
_viz_config[llp].has_layout=False
_viz_config[model].pos=(0, 0)
_viz_config[model].size=(1.0, 1.0)
_viz_config[model].expanded=True
_viz_config[model].has_layout=True
_viz_config[model.networks[0]].pos=(0.5, 0.5)
_viz_config[model.networks[0]].size=(0.4, 0.4)
_viz_config[model.networks[0]].expanded=True
_viz_config[model.networks[0]].has_layout=True
_viz_config[model.networks[0].ensembles[0]].pos=(0.35365853658536583, 0.4082278481012659)
_viz_config[model.networks[0].ensembles[0]].size=(0.04065040650406503, 0.03164556962025317)
_viz_config[model.networks[0].nodes[0]].pos=(0.05284552845528455, 0.5)
_viz_config[model.networks[0].nodes[0]].size=(0.03252032520325203, 0.025316455696202535)
_viz_config[model.networks[0].nodes[10]].pos=(0.9471544715447154, 0.7658227848101267)
_viz_config[model.networks[0].nodes[10]].size=(0.03252032520325203, 0.025316455696202535)
_viz_config[model.networks[0].nodes[1]].pos=(0.19918699186991867, 0.4082278481012659)
_viz_config[model.networks[0].nodes[1]].size=(0.03252032520325203, 0.025316455696202535)
_viz_config[model.networks[0].nodes[2]].pos=(0.5081300813008129, 0.4082278481012659)
_viz_config[model.networks[0].nodes[2]].size=(0.03252032520325203, 0.025316455696202535)
_viz_config[model.networks[0].nodes[3]].pos=(0.5130071323892947, 0.89827216382549)
_viz_config[model.networks[0].nodes[3]].size=(0.03252032520325203, 0.025316455696202535)
_viz_config[model.networks[0].nodes[4]].pos=(0.8008130081300813, 0.4082278481012659)
_viz_config[model.networks[0].nodes[4]].size=(0.03252032520325203, 0.025316455696202535)
_viz_config[model.networks[0].nodes[5]].pos=(0.8090988402384708, 0.8977392375057519)
_viz_config[model.networks[0].nodes[5]].size=(0.03252032520325203, 0.025316455696202535)
_viz_config[model.networks[0].nodes[6]].pos=(0.9471544715447154, 0.0569620253164557)
_viz_config[model.networks[0].nodes[6]].size=(0.03252032520325203, 0.025316455696202535)
_viz_config[model.networks[0].nodes[7]].pos=(0.9471544715447154, 0.23417721518987344)
_viz_config[model.networks[0].nodes[7]].size=(0.03252032520325203, 0.025316455696202535)
_viz_config[model.networks[0].nodes[8]].pos=(0.9471544715447154, 0.4113924050632912)
_viz_config[model.networks[0].nodes[8]].size=(0.03252032520325203, 0.025316455696202535)
_viz_config[model.networks[0].nodes[9]].pos=(0.9471544715447154, 0.5886075949367089)
_viz_config[model.networks[0].nodes[9]].size=(0.03252032520325203, 0.025316455696202535)