_viz_net_graph = nengo_gui.components.NetGraph()
_viz_progress = nengo_gui.components.Progress()
_viz_config[_viz_progress].x = 0
_viz_config[_viz_progress].y = 0
_viz_config[_viz_progress].width = 100
_viz_config[_viz_progress].height = 100
_viz_config[_viz_progress].label_visible = True
_viz_sim_control = nengo_gui.components.SimControl()
_viz_config[_viz_sim_control].shown_time = 0.5
_viz_config[_viz_sim_control].kept_time = 4.0
_viz_config[model].pos=(0.07377635890768186, 0.1517597474036516)
_viz_config[model].size=(0.8498583569405098, 0.8498583569405098)
_viz_config[model].expanded=True
_viz_config[model].has_layout=True
_viz_config[model.networks[0]].pos=(0.4077709795547002, 0.3874461093361125)
_viz_config[model.networks[0]].size=(0.32119699793224926, 0.4)
_viz_config[model.networks[0]].expanded=True
_viz_config[model.networks[0]].has_layout=True
_viz_config[model.networks[0].ensembles[0]].pos=(0.41063779042532406, 0.505157120093408)
_viz_config[model.networks[0].ensembles[0]].size=(0.05747126436781609, 0.04878048780487805)
_viz_config[model.networks[0].nodes[0]].pos=(0.07471264367816091, 0.5024390243902439)
_viz_config[model.networks[0].nodes[0]].size=(0.04597701149425287, 0.03902439024390244)
_viz_config[model.networks[0].nodes[1]].pos=(0.3391105510543526, 0.3599493549709289)
_viz_config[model.networks[0].nodes[1]].size=(0.04597701149425287, 0.03902439024390244)
_viz_config[model.networks[0].nodes[2]].pos=(0.7236145531376772, 0.4100434547892907)
_viz_config[model.networks[0].nodes[2]].size=(0.04597701149425287, 0.03902439024390244)
_viz_config[model.networks[0].nodes[3]].pos=(0.9331229791318029, 0.40573225515488054)
_viz_config[model.networks[0].nodes[3]].size=(0.04597701149425287, 0.03902439024390244)
_viz_config[model.networks[0].nodes[4]].pos=(0.5200440252256869, 0.03902439024390244)
_viz_config[model.networks[0].nodes[4]].size=(0.04597701149425287, 0.03902439024390244)
_viz_config[model.networks[0].nodes[5]].pos=(0.6912550569487361, 0.7988559562587982)
_viz_config[model.networks[0].nodes[5]].size=(0.1, 0.1)