_viz_0 = nengo_gui.components.Value(model.networks[0].nodes[4])
_viz_config[_viz_0].max_value = 1
_viz_config[_viz_0].min_value = -1
_viz_config[_viz_0].show_legend = True
_viz_config[_viz_0].legend_labels = ['label_0', 'label_1', 'label_2', 'label_3', 'label_4', 'label_5']
_viz_config[_viz_0].synapse = 0.01
_viz_config[_viz_0].x = 0.4520850518877628
_viz_config[_viz_0].y = 0.7353800546677879
_viz_config[_viz_0].width = 0.4584731543624161
_viz_config[_viz_0].height = 0.08620689655172414
_viz_config[_viz_0].label_visible = True
_viz_net_graph = nengo_gui.components.NetGraph()
_viz_progress = nengo_gui.components.Progress()
_viz_config[_viz_progress].x = 0
_viz_config[_viz_progress].y = 0
_viz_config[_viz_progress].width = 100
_viz_config[_viz_progress].height = 100
_viz_config[_viz_progress].label_visible = True
_viz_sim_control = nengo_gui.components.SimControl()
_viz_config[_viz_sim_control].shown_time = 0.5
_viz_config[_viz_sim_control].kept_time = 4.0
_viz_config[input_node].pos=(0.1511627906976744, 0.5)
_viz_config[input_node].size=(0.09302325581395349, 0.08)
_viz_config[llp].expanded=False
_viz_config[llp].has_layout=False
_viz_config[model].pos=(0, 0)
_viz_config[model].size=(1.0, 1.0)
_viz_config[model].expanded=True
_viz_config[model].has_layout=True
_viz_config[model.networks[0]].pos=(0.62066346718403, 0.5)
_viz_config[model.networks[0]].size=(0.32119699793224926, 0.4)
_viz_config[model.networks[0]].expanded=True
_viz_config[model.networks[0]].has_layout=True
_viz_config[model.networks[0].ensembles[0]].pos=(0.41063779042532406, 0.505157120093408)
_viz_config[model.networks[0].ensembles[0]].size=(0.05747126436781609, 0.04878048780487805)
_viz_config[model.networks[0].nodes[0]].pos=(0.07471264367816091, 0.5024390243902439)
_viz_config[model.networks[0].nodes[0]].size=(0.04597701149425287, 0.03902439024390244)
_viz_config[model.networks[0].nodes[1]].pos=(0.3391105510543526, 0.3599493549709289)
_viz_config[model.networks[0].nodes[1]].size=(0.04597701149425287, 0.03902439024390244)
_viz_config[model.networks[0].nodes[2]].pos=(0.7236145531376772, 0.4100434547892907)
_viz_config[model.networks[0].nodes[2]].size=(0.04597701149425287, 0.03902439024390244)
_viz_config[model.networks[0].nodes[3]].pos=(0.9331229791318029, 0.40573225515488054)
_viz_config[model.networks[0].nodes[3]].size=(0.04597701149425287, 0.03902439024390244)
_viz_config[model.networks[0].nodes[4]].pos=(0.5200440252256869, 0.03902439024390244)
_viz_config[model.networks[0].nodes[4]].size=(0.04597701149425287, 0.03902439024390244)