_viz_0 = nengo_gui.components.Value(display)
_viz_config[_viz_0].max_value = 1
_viz_config[_viz_0].min_value = -1
_viz_config[_viz_0].show_legend = False
_viz_config[_viz_0].legend_labels = ['label_0', 'label_1', 'label_2', 'label_3', 'label_4', 'label_5']
_viz_config[_viz_0].synapse = 0.01
_viz_config[_viz_0].x = 0.2173605907710626
_viz_config[_viz_0].y = 0.8079081791294505
_viz_config[_viz_0].width = 0.1940934065934066
_viz_config[_viz_0].height = 0.14343563512361465
_viz_config[_viz_0].label_visible = True
_viz_net_graph = nengo_gui.components.NetGraph()
_viz_progress = nengo_gui.components.Progress()
_viz_config[_viz_progress].x = 0
_viz_config[_viz_progress].y = 0
_viz_config[_viz_progress].width = 100
_viz_config[_viz_progress].height = 100
_viz_config[_viz_progress].label_visible = True
_viz_sim_control = nengo_gui.components.SimControl()
_viz_config[_viz_sim_control].shown_time = 0.5
_viz_config[_viz_sim_control].kept_time = 4.0
_viz_config[c].pos=(0.10655737704918032, 0.39743589743589747)
_viz_config[c].size=(0.06557377049180327, 0.05128205128205128)
_viz_config[display].pos=(0.7950819672131146, 0.11538461538461538)
_viz_config[display].size=(0.06557377049180327, 0.05128205128205128)
_viz_config[llp].expanded=False
_viz_config[llp].has_layout=False
_viz_config[model].pos=(0, 0)
_viz_config[model].size=(1.0, 1.0)
_viz_config[model].expanded=True
_viz_config[model].has_layout=True
_viz_config[model.networks[0]].pos=(0.7950819672131146, 0.6794871794871795)
_viz_config[model.networks[0]].size=(0.16393442622950818, 0.25641025641025644)
_viz_config[model.networks[0]].expanded=True
_viz_config[model.networks[0]].has_layout=True
_viz_config[model.networks[0].ensembles[0]].pos=(0.2931034482758621, 0.83739837398374)
_viz_config[model.networks[0].ensembles[0]].size=(0.05747126436781609, 0.0813008130081301)
_viz_config[model.networks[0].nodes[0]].pos=(0.07471264367816091, 0.83739837398374)
_viz_config[model.networks[0].nodes[0]].size=(0.04597701149425287, 0.06504065040650407)
_viz_config[model.networks[0].nodes[1]].pos=(0.07471264367816091, 0.14634146341463417)
_viz_config[model.networks[0].nodes[1]].size=(0.04597701149425287, 0.06504065040650407)
_viz_config[model.networks[0].nodes[2]].pos=(0.5114942528735632, 0.6097560975609757)
_viz_config[model.networks[0].nodes[2]].size=(0.04597701149425287, 0.06504065040650407)
_viz_config[model.networks[0].nodes[3]].pos=(0.7183908045977011, 0.6016260162601627)
_viz_config[model.networks[0].nodes[3]].size=(0.04597701149425287, 0.06504065040650407)
_viz_config[model.networks[0].nodes[4]].pos=(0.9252873563218391, 0.6016260162601627)
_viz_config[model.networks[0].nodes[4]].size=(0.04597701149425287, 0.06504065040650407)
_viz_config[z].pos=(0.40163934426229503, 0.11538461538461538)
_viz_config[z].size=(0.06557377049180327, 0.05128205128205128)